 7.767083
 17.766736
 80.727523
 87.721551
 99.710255
 100.709873
 123.690625
 124.689780
 131.685602
 134.678113
 134.682731
 135.674444
 135.679063
 136.671690
 136.676308
 137.670440
 137.675058
 138.666123
 138.670741
 139.663993
 139.668611
 141.658704
 141.663322
 142.657986
 142.679306
 143.653380
 143.658009
 145.649803
 145.671123
 146.644549
 146.649167
 149.675752
 150.675058
 151.672396
 151.677014
 154.674190
 155.674630
 159.672859
 160.670729
 160.675347
 164.674167
 168.671146
 168.675764
 172.671944
 172.676563
 177.674815
 178.673634
 178.678252
 182.677465
 186.679537
 192.684132
 194.679201
 194.683819
 195.675150
 195.679769
 201.679375
 270.308634
 271.307731
 272.301412
 273.300521
 274.299641
 279.286817
 350.762546
 372.766944
 382.766609
 413.753750
 422.747847
 450.723229
 452.721424
 464.710972
 465.709745
 492.688391
 496.685787
 497.683831
 499.677975
 499.682593
 500.677616
 500.682234
 501.672431
 501.677049
 502.670313
 502.674931
 503.667604
 503.672222
 504.666991
 504.671609
 505.662326
 505.666944
 506.661701
 507.658310
 507.679630
 508.656389
 508.677708
 509.653796
 509.675116
 510.650544
 510.671863
 511.647731
 511.669051
 514.675637
 515.673646
 516.672280
 516.676898
 519.674942
 520.674525
 521.672407
 524.673634
 525.673958
 528.675914
 529.674120
 533.671979
 534.672593
 537.671933
 537.676551
 542.674815
 547.677488
 550.679977
 551.679583
 552.675694
 552.680313
 554.681817
 555.679745
 558.681447
 559.679294
 559.683912
 561.675718
 561.680336
 626.333715
 635.308843
 636.307940
 638.300729
 639.299850
 641.295012
 642.288715
 644.287025
 737.766829
 747.766470
 754.765231
 787.747731
 836.704977
 837.703704
 845.697199
 851.692720
 863.682477
 864.681169
 865.676609
 865.681227
 866.673912
 866.678530
 867.673310
 867.677928
 868.667477
 868.672095
 869.665579
 869.670197
 870.664306
 871.660289
 871.664907
 872.659005
 872.680324
 874.653681
 874.675000
 875.650428
 875.671748
 876.648067
 876.669387
 877.645451
 877.666771
 880.676863
 881.672188
 881.676806
 885.674456
 886.672141
 890.674352
 891.672222
 893.675856
 894.672778
 895.672535
 897.676065
 898.673542
 899.672558
 902.672778
 907.678125
 908.672361
 908.676979
 913.677431
 914.674907
 914.679525
 917.675764
 917.680382
 919.681898
 923.681539
 924.679387
 924.684005
 925.679039
 925.683657
 991.333935
 1000.312153
 1001.308160
 1006.295220
 1008.288067
