 0.766921
 4.767616
 10.316412
 15.766875
 18.766620
 27.297002
 30.743993
 34.628380
 37.712882
 43.634433
 43.757222
 49.752928
 52.697049
 57.722350
 63.644653
 67.728137
 73.619907
 77.729468
 80.551771
 82.695926
 87.487523
 91.626493
 94.471806
 95.710208
 99.461319
 103.706424
 105.695509
 108.466713
 111.598993
 113.656887
 117.459062
 119.586053
 123.458877
 127.597778
 130.544745
 131.685694
 133.648692
 136.515498
 136.682940
 140.528160
 142.667674
 145.660938
 147.649282
 149.677928
 152.504907
 153.659896
 156.489502
 158.604062
 160.631146
 162.613102
 165.585845
 167.668657
 169.605058
 172.493889
 175.504896
 177.518600
 179.523345
 182.502998
 184.501690
 186.503241
 189.484907
 192.482697
 198.478264
 208.424225
 214.447650
 221.436088
 230.397095
 235.400683
 238.391701
 250.363565
 253.478495
 265.318993
 267.399630
 269.401088
 274.379502
 280.442269
 284.411840
 291.429317
 295.421204
 299.409468
 304.338322
 306.394676
 310.308160
 315.495382
 321.337477
 327.328981
 330.458762
 337.334641
 341.261794
 347.323889
 353.761782
 356.763414
 360.758368
 363.766424
 364.766725
 375.332963
 382.296933
 387.741424
 390.754178
 397.748310
 402.725648
 411.711609
 420.677986
 427.740961
 429.669653
 433.693160
 437.589826
 440.523299
 443.698090
 447.529734
 449.686979
 453.549444
 456.715972
 459.528125
 462.519329
 469.500208
 471.667454
 474.527118
 474.702130
 478.487407
 481.601030
 483.692002
 487.524988
 489.662535
 491.628368
 492.687188
 495.685417
 498.680405
 501.512338
 503.620347
 505.572870
 508.673981
 511.640382
 513.641528
 517.492535
 519.636817
 522.507141
 524.595567
 526.534201
 527.669618
 530.476690
 532.577083
 534.595255
 536.629583
 540.421933
 543.507812
 545.560081
 547.548877
 551.537477
 552.680926
 556.683553
 558.524317
 560.504664
 563.667731
 571.690289
 579.492882
 582.523241
 594.540891
 597.538796
 599.420359
 603.369502
 609.358773
 619.346424
 623.521852
 630.384039
 633.383692
 636.423993
 638.424931
 641.414410
 643.446146
 649.409479
 652.444410
 654.405463
 661.435683
 670.342824
 676.344456
 679.323588
 685.280891
 689.323646
 694.326088
 699.336782
 704.418333
 709.328380
 713.410000
 721.297813
 727.731644
 733.270995
 733.767257
 738.314954
 743.323657
 757.295359
 761.758426
 767.653843
 771.643750
 775.717812
 780.587431
 787.745660
 792.687141
 794.740648
 799.540637
 801.733102
 808.550000
 813.513669
 819.493681
 823.508021
 824.700741
 827.679549
 828.710799
 834.536146
 837.694039
 840.473553
 842.647593
 845.500984
 847.670243
 851.476019
 852.691956
 855.574630
 858.497222
 859.686817
 863.682951
 865.673310
 867.590197
 870.666551
 875.646551
 877.641377
 879.677500
 881.625741
 883.583194
 885.671042
 888.668148
 890.598565
 892.669595
 895.579097
 898.488889
 899.597245
 903.563206
 907.499641
 909.541875
 911.541100
 915.522315
 919.532060
 922.507477
 925.676910
 941.690104
 946.519595
 950.442512
 960.338565
 963.398600
 965.410868
 971.409687
 982.348519
 987.349132
 991.516065
 997.297847
 999.382384
 1003.369630
 1005.477685
 1012.438079
 1015.453275
 1019.303912
 1021.404236
 1023.404896
 1029.392118
 1033.396192
 1038.313600
 1042.270567
 1047.306007
 1050.322731
 1054.306991
 1062.396030
 1066.360567
 1069.439572
 1074.305613
 1077.406782
 1083.300833
 1093.285185
