 0.297940
 0.723426
 2.298218
 2.716551
 5.283738
 5.721042
 7.284780
 7.730359
 9.274375
 9.706968
 11.275463
 11.696065
 12.767593
 15.277685
 15.729433
 17.278819
 17.690069
 20.280521
 20.668738
 20.753507
 22.281667
 22.698576
 24.282813
 24.656435
 24.746389
 26.295428
 26.651586
 26.739630
 29.285671
 29.645729
 29.731065
 34.761759
 40.758935
 42.756632
 45.746076
 48.728530
 52.708438
 57.747801
 61.674282
 66.607095
 66.693426
 70.594225
 70.687975
 72.587049
 72.670729
 75.591528
 75.677338
 81.543380
 81.662245
 84.724051
 85.723461
 87.563970
 87.650718
 95.463287
 95.550938
 95.637975
 97.524421
 97.623854
 102.696771
 103.706701
 109.659873
 110.700984
 112.500231
 112.623715
 114.480058
 114.564942
 114.688368
 116.479479
 116.564375
 116.692153
 121.647674
 123.623218
 125.589190
 125.672917
 127.608368
 129.601215
 130.685150
 132.420359
 132.551736
 132.673565
 135.642546
 137.643692
 139.364340
 139.461748
 139.549780
 142.358009
 142.444433
 142.532465
 144.353889
 144.450683
 144.548484
 146.354919
 146.451725
 146.549525
 148.361111
 148.447535
 148.545336
 150.362060
 150.447627
 150.533206
 152.351597
 152.450394
 152.543009
 154.352465
 154.449259
 154.540880
 157.358843
 157.442465
 157.526100
 158.676285
 160.354711
 160.438438
 160.564699
 161.673565
 163.355625
 163.490856
 163.596030
 165.356157
 165.452859
 165.543380
 167.362801
 167.478426
 167.582350
 169.356991
 169.484988
 169.588912
 171.375185
 171.461215
 171.565139
 171.674491
 173.357523
 173.472801
 173.570405
 175.373623
 175.460208
 175.543600
 177.383576
 177.488669
 177.585231
 179.365880
 179.478264
 179.584097
 182.366042
 182.480255
 182.586100
 184.382708
 184.496725
 184.602558
 186.362396
 186.448090
 186.539213
 189.356319
 189.442963
 189.529606
 191.355787
 191.456655
 191.546030
 192.683843
 197.353715
 197.440359
 197.527002
 208.348171
 208.450405
 208.541181
 208.692292
 212.345648
 212.443137
 212.526667
 217.350694
 217.489352
 217.606019
 229.332616
 229.419120
 229.505613
 230.666481
 234.328252
 234.456725
 234.551597
 235.656852
 238.324641
 238.424433
 238.512743
 241.321887
 241.452720
 241.553843
 242.640868
 245.318137
 245.419549
 245.509491
 252.322975
 252.430775
 252.520336
 257.336470
 257.423368
 257.510266
 258.597361
 260.333634
 260.420532
 260.507431
 262.340498
 262.427604
 262.514722
 266.336782
 266.423889
 266.511007
 267.566910
 269.315787
 269.399965
 269.492141
 271.332234
 271.419340
 271.506458
 272.551146
 274.329572
 274.416829
 274.504086
 275.524329
 275.609201
 279.325266
 279.412384
 279.499491
 281.323611
 281.410718
 281.497836
 282.530023
 284.294201
 284.401134
 284.486632
 286.319618
 286.406736
 286.493843
 290.316620
 290.403738
 290.490845
 293.314502
 293.401609
 293.488727
 295.332847
 295.439144
 295.538299
 297.287326
 297.437708
 297.526528
 299.286076
 299.371887
 299.470313
 301.323924
 301.430220
 301.529375
 303.327986
 303.434977
 303.533426
 305.326921
 305.433218
 305.522095
 307.338727
 307.422269
 307.514549
 309.319537
 309.455127
 312.336505
 312.515058
 321.262685
 321.350104
 321.477164
 323.298495
 323.411505
 326.261748
 326.349167
 328.386713
 330.458692
 333.453669
 335.376875
 337.359039
 337.446817
 339.423380
 341.371678
 345.338947
 348.328194
 348.413773
 350.331354
 350.762419
 359.266979
 359.351296
 359.745058
 361.314352
 361.765903
 368.293924
 368.717778
 370.283600
 370.716377
 372.284641
 372.721146
 374.274248
 374.706030
 377.275880
 377.727118
 381.278125
 381.679792
 381.765127
 383.279259
 383.753576
 388.282106
 388.699016
 390.283252
 390.672211
 390.757546
 393.284965
 393.652581
 393.737917
 399.725162
 405.756424
 412.754005
 414.752986
 420.748171
 422.723067
 427.654745
 431.739838
 433.724780
 435.730278
 441.731563
 443.708160
 445.727882
 447.712060
 450.723032
 452.710475
 454.718322
 457.535729
 457.633368
 459.502002
 459.589873
 459.685509
 461.516632
 461.600856
 461.687604
 465.709676
 468.663576
 471.462072
 471.547697
 471.667431
 474.659745
 476.660891
 478.661713
 480.645787
 482.662639
 484.646481
 486.650532
 488.634769
 490.632338
 493.636111
 495.621088
 496.685324
 498.474109
 498.634803
 499.681609
 502.643576
 504.351042
 504.470324
 504.576343
 506.351157
 506.435961
 506.525949
 507.679873
 509.347581
 509.468831
 509.573426
 511.360081
 511.446412
 511.544213
 511.678796
 513.388113
 513.497384
 513.595185
 515.389074
 515.474641
 515.560208
 517.357674
 517.444097
 517.536713
 519.358542
 519.459919
 519.544549
 521.362940
 521.458947
 521.548762
 521.675903
 523.408148
 523.492778
 523.582593
 525.391435
 525.481250
 525.571065
 527.355278
 527.453391
 527.545324
 529.355845
 529.442593
 529.529329
 530.674896
 532.356574
 532.493530
 532.604410
 533.673843
 535.409398
 535.515602
 535.621806
 537.374954
 537.481076
 537.578681
 539.363785
 539.464572
 539.562176
 543.369352
 543.458715
 543.548079
 545.357674
 545.455000
 545.546134
 547.357535
 547.454861
 547.545984
 550.357164
 550.463102
 550.559664
 552.356817
 552.487130
 552.592014
 555.402407
 555.530428
 555.628380
 565.387338
 565.473981
 565.560625
 573.348310
 573.433808
 573.519306
 577.365799
 577.469560
 577.558530
 579.344468
 579.452477
 579.536007
 581.351586
 581.452870
 581.536400
 585.351458
 585.434988
 585.521331
 587.350046
 587.450208
 587.545069
 594.332836
 594.455938
 594.550810
 599.328472
 599.414965
 599.501470
 600.659907
 607.321169
 607.452014
 607.553137
 609.330775
 609.438669
 609.539792
 618.322257
 618.430069
 618.519618
 619.599977
 621.337650
 621.421690
 621.505718
 623.335764
 623.441319
 623.530880
 624.580532
 627.340729
 627.427836
 627.514942
 630.337928
 630.425035
 630.512141
 631.561620
 633.335162
 633.419792
 633.504433
 634.616921
 637.331539
 637.418657
 637.505764
 638.546470
 640.328900
 640.416007
 640.503125
 641.555081
 645.324641
 645.411748
 645.498854
 647.322986
 647.410104
 647.497211
 648.530498
 652.319039
 652.406157
 652.493264
 657.315359
 657.402477
 657.489583
 660.318484
 660.405602
 660.492708
 662.331690
 662.437986
 662.537141
 664.330440
 664.437431
 664.535880
 667.328669
 667.435660
 667.534109
 669.327558
 669.412488
 669.497419
 671.321331
 671.427627
 671.526771
 673.294120
 673.433032
 675.337442
 675.515995
 681.335127
 681.422049
 682.424086
 686.262731
 686.350150
 686.453125
 688.298530
 688.411551
 694.284595
 694.372014
 696.295926
 699.374398
 702.385000
 704.364028
 706.415185
 709.341227
 709.424664
 711.332269
 711.415718
 714.331042
 716.335023
 716.762859
 719.331678
 719.756829
 721.331088
 723.266458
 723.372523
 723.744884
 725.267280
 725.358461
 725.742454
 728.308113
 728.729641
 730.286238
 730.372477
 730.742581
 733.293796
 733.714618
 735.272014
 735.743484
 744.276863
 744.728611
 746.277986
 746.698750
 750.280255
 750.668472
 750.758426
 753.281968
 753.698866
 757.284248
 757.651875
 757.740255
 758.764792
 760.285961
 760.640903
 760.729005
 764.761493
 774.729190
 776.746366
 785.717975
 794.643588
 794.728102
 796.663843
 798.620995
 798.738229
 806.591806
 806.690428
 810.547662
 810.633044
 810.718426
 814.569641
 814.663704
 815.723576
 817.720116
 819.720359
 823.714896
 826.495359
 826.601100
 826.684734
 828.475602
 828.605880
 828.692627
 830.505880
 830.632211
 832.543495
 832.706273
 834.477824
 834.564410
 834.653264
 836.668368
 838.640197
 840.511192
 840.597303
 840.687743
 843.654931
 845.649560
 847.645463
 850.645463
 853.611979
 856.629653
 857.687951
 859.417303
 859.543611
 859.630081
 861.660081
 863.651493
 865.658773
 867.667824
 869.356111
 869.453519
 869.541551
 872.357766
 872.444190
 872.541991
 875.359363
 875.445787
 875.543588
 878.360880
 878.446458
 878.532025
 880.350475
 880.459653
 880.557454
 882.357593
 882.445312
 882.533021
 884.352280
 884.438993
 884.525718
 885.671586
 888.359063
 888.443981
 888.528900
 890.354583
 890.439502
 890.524421
 892.355220
 892.441713
 892.528206
 893.672685
 895.356065
 895.466412
 895.562164
 895.675961
 897.371134
 897.482199
 897.592905
 899.356933
 899.492014
 899.602720
 901.357245
 901.492326
 901.603032
 903.357488
 903.492569
 903.603275
 904.677153
 906.374410
 906.467917
 906.561435
 908.417373
 908.502465
 908.587558
 910.386019
 910.494074
 910.590637
 912.412025
 912.542037
 912.648160
 914.411817
 914.517940
 914.624062
 916.371019
 916.472558
 916.578681
 919.436852
 919.521852
 919.606863
 920.678403
 923.355359
 923.468252
 923.559028
 927.381493
 927.468137
 927.554780
 932.377130
 932.470035
 932.568368
 937.362998
 937.446528
 937.535498
 937.691227
 938.691690
 944.344641
 944.442130
 944.525660
 947.367766
 947.468194
 947.551725
 952.338773
 952.455775
 952.550637
 953.691111
 955.336377
 955.528356
 955.656366
 960.332188
 960.460648
 960.555521
 962.330451
 962.416944
 962.503437
 964.328692
 964.457153
 964.552025
 965.679444
 968.325093
 968.453553
 968.539896
 971.322326
 971.441701
 971.542824
 972.640127
 975.336840
 975.438252
 975.528183
 980.325347
 980.433148
 980.522708
 981.660174
 983.340729
 983.438148
 983.535567
 984.612407
 987.336933
 987.442488
 987.532049
 988.596493
 991.333148
 991.438704
 991.528264
 993.340012
 993.427118
 993.514225
 994.578900
 997.336296
 997.423403
 997.510521
 998.545023
 1000.333553
 1000.420671
 1000.507778
 1001.559664
 1003.330868
 1003.414421
 1003.497975
 1006.360949
 1006.448056
 1006.535162
 1014.321563
 1014.408681
 1014.495787
 1015.505764
 1017.319213
 1017.406331
 1017.493438
 1019.317697
 1019.404815
 1019.491921
 1021.297986
 1021.459572
 1021.556134
 1025.318634
 1025.405752
 1025.492859
 1028.331204
 1028.437500
 1028.536644
 1031.329387
 1031.436377
 1031.534826
 1033.284005
 1033.434398
 1033.523218
 1035.282928
 1035.369433
 1035.466285
 1037.297697
 1037.383391
 1037.468160
 1039.285023
 1039.408113
 1039.493646
 1042.510613
 1045.335544
 1045.419086
 1048.345185
 1048.431400
 1049.423322
 1051.299016
 1051.412025
 1057.284826
 1057.372245
 1059.392373
 1062.384780
 1064.435023
 1066.446215
 1068.385058
 1070.351088
 1070.439931
 1072.420336
 1075.413935
 1077.344514
 1081.335023
 1083.335914
 1088.266354
 1088.372419
 1088.743148
 1092.314560
 1092.731968
 1094.285648
 1094.765914
