 8.305613
 13.693183
 15.767442
 31.698333
 47.664236
 56.606262
 62.599884
 71.586215
 78.601146
 85.540845
 90.619306
 96.706227
 101.558646
 106.703947
 113.654352
 119.693495
 125.689433
 130.685637
 135.682373
 140.644583
 143.676597
 149.549792
 153.656285
 157.599248
 161.601586
 166.524873
 172.566563
 178.524942
 183.537269
 188.611134
 193.561343
 208.609317
 242.387963
 256.496574
 265.332338
 271.310301
 275.458530
 287.397002
 295.511296
 304.444988
 313.479421
 319.471204
 326.326308
 332.419907
 344.339363
 354.308692
 354.764190
 364.342975
 372.766748
 380.683704
 391.747095
 398.688426
 408.695382
 419.671632
 423.747014
 431.544560
 438.529248
 442.709688
 449.626713
 455.716736
 461.575162
 468.549352
 473.696400
 479.619213
 487.581238
 493.673137
 498.586123
 503.613611
 506.680370
 512.540938
 516.628368
 520.675000
 525.509109
 530.588241
 534.676481
 539.535799
 545.520625
 548.680243
 562.459537
 579.555799
 598.437188
 616.428889
 625.320856
 634.477257
 639.306366
 644.430972
 654.421319
 660.416562
 672.356817
 682.398947
 694.358785
 703.384421
 710.347650
 718.759236
 729.318727
 742.304711
 747.732917
 761.762894
 771.615035
 776.597025
 782.750093
 790.745787
 801.531354
 808.724769
 817.487674
 824.690197
 829.584097
 833.704919
 839.545440
 842.695741
 848.627813
 853.612118
 857.687813
 862.683600
 866.682674
 871.546088
 875.667813
 880.467176
 884.615845
 889.542419
 894.573854
 899.445637
 904.492199
 908.576771
 914.641146
 919.678843
 936.617072
 960.512350
 983.353160
 990.514421
 1000.400891
 1006.362882
 1013.484525
 1018.549769
 1026.305579
 1032.377488
 1039.449444
 1045.461308
 1055.395856
 1063.403738
 1069.385498
 1076.402836
 1082.346944
 1086.759965
