 4.302639
 4.738113
 6.303669
 6.705822
 8.281852
 8.738171
 11.275463
 11.727824
 13.276574
 13.704479
 14.767627
 16.278252
 16.700671
 18.279387
 18.696910
 21.281088
 21.703507
 24.282813
 24.661111
 24.747569
 26.283958
 26.651644
 26.735949
 27.763831
 29.285671
 29.646562
 29.736065
 42.757616
 49.753437
 61.744583
 68.738704
 72.727708
 77.728414
 83.658692
 85.639942
 92.625035
 92.716794
 95.708507
 98.633877
 100.709757
 106.698495
 108.673507
 110.657095
 112.658252
 114.653669
 116.661100
 118.664641
 120.654757
 124.657141
 126.658333
 128.644769
 130.630382
 132.631713
 134.638056
 136.646875
 138.344410
 138.429421
 138.514433
 140.345532
 140.432164
 140.518796
 141.678171
 144.380729
 144.466829
 144.552917
 145.677025
 147.349236
 147.452813
 147.541782
 150.350683
 150.450313
 150.543750
 152.351597
 152.456412
 152.549850
 154.363831
 154.457269
 154.550718
 156.358461
 156.443912
 156.529363
 159.365752
 159.451204
 159.536655
 161.355035
 161.441389
 161.527743
 163.355625
 163.453519
 163.542523
 165.356157
 165.453067
 165.537419
 167.362801
 167.447141
 167.531493
 169.356991
 169.441343
 169.525694
 171.357292
 171.441644
 171.525995
 173.357523
 173.454433
 173.538785
 175.363854
 175.449097
 175.534340
 177.374352
 177.460394
 177.563044
 179.357708
 179.458866
 179.543218
 182.405521
 182.491759
 182.584167
 184.365799
 184.497778
 184.610498
 187.356771
 187.443947
 187.531123
 189.356319
 189.463229
 189.558646
 190.682755
 192.355498
 192.462188
 192.554294
 195.354479
 195.489780
 195.601076
 198.682419
 200.356169
 200.440116
 200.527801
 207.348762
 207.433021
 207.517292
 209.347558
 209.448310
 209.540544
 214.348553
 214.433924
 214.519306
 216.342894
 216.427060
 216.511215
 219.344444
 219.446852
 219.540544
 229.336377
 229.449132
 229.548924
 230.698634
 234.328252
 234.430093
 234.523912
 235.665278
 238.324641
 238.426481
 238.520301
 241.326134
 241.412593
 241.499051
 242.642431
 250.354711
 250.442303
 250.529884
 251.616088
 253.378437
 253.575914
 253.664086
 256.375590
 256.573056
 256.665694
 258.324606
 258.414803
 258.505000
 259.578843
 264.565000
 266.313391
 266.397176
 266.480972
 267.551308
 267.636424
 269.314387
 269.418588
 269.515949
 270.543264
 270.630255
 275.351389
 275.558044
 277.326076
 277.430891
 277.523241
 278.534965
 284.320301
 284.439236
 284.531574
 287.317975
 287.402963
 287.487963
 288.502766
 290.315741
 290.401968
 290.488206
 294.330382
 294.416597
 294.502824
 296.279016
 296.365336
 296.456632
 298.337824
 298.441366
 298.532431
 300.318356
 300.404259
 300.490162
 302.306620
 302.396806
 302.486991
 307.299942
 307.387569
 307.475185
 311.315903
 311.407060
 311.515556
 316.325787
 319.495694
 324.307037
 324.408148
 326.307396
 326.426493
 329.320104
 329.422465
 334.319931
 336.320000
 337.434144
 339.430683
 341.345428
 341.431586
 346.335938
 346.422083
 349.395417
 352.382234
 354.369537
 356.348519
 356.759352
 360.326065
 360.736725
 362.326944
 362.737454
 367.314583
 369.271620
 369.714850
 371.303530
 371.711968
 372.767616
 381.278125
 381.685741
 384.279826
 384.676076
 384.765301
 387.281539
 387.697419
 396.286655
 396.637917
 396.758958
 404.759595
 414.753322
 429.741505
 432.739676
 440.670347
 442.662211
 450.698252
 452.720532
 459.714896
 462.696250
 464.682384
 468.687315
 472.698924
 474.673947
 476.637326
 479.692488
 482.673669
 484.665081
 488.656389
 490.657581
 492.658773
 494.659815
 496.646551
 498.647731
 500.646169
 503.647882
 505.356794
 505.441806
 505.526806
 507.357882
 507.442894
 507.527905
 509.430729
 509.518484
 509.606250
 511.359988
 511.459468
 511.562326
 513.349606
 513.471840
 513.574711
 515.369931
 515.460567
 515.551204
 516.676944
 518.392465
 518.499097
 518.590683
 520.364248
 520.479583
 520.573947
 522.386019
 522.481991
 522.584329
 524.372153
 524.455544
 524.538947
 526.366447
 526.464537
 526.567731
 528.355567
 528.442141
 528.528715
 530.356111
 530.477164
 530.580359
 532.356574
 532.454225
 532.538160
 534.356968
 534.440903
 534.524838
 536.357280
 536.441215
 536.525150
 538.357512
 538.482859
 538.588194
 540.377674
 540.463009
 540.568345
 542.357731
 542.445498
 542.533264
 544.357720
 544.445486
 544.533252
 546.357616
 546.441481
 546.525347
 548.357431
 548.441296
 548.525162
 551.357002
 551.458484
 551.551447
 554.360139
 554.447095
 554.537801
 555.682234
 559.354931
 559.449352
 559.540000
 562.381609
 562.464965
 562.548322
 566.352072
 566.462569
 566.560799
 568.351088
 568.438785
 568.526470
 573.348310
 573.464456
 573.553935
 577.358588
 577.443958
 577.529329
 579.344468
 579.429838
 579.515208
 581.343067
 581.427222
 581.511389
 587.349907
 587.437639
 587.525359
 594.340845
 594.425938
 594.511019
 597.333993
 597.428322
 597.522141
 600.335590
 600.425243
 600.514896
 603.332882
 603.417963
 603.503044
 606.330116
 606.416574
 606.503021
 607.641991
 618.310787
 618.416042
 618.505069
 619.613160
 627.378889
 627.570069
 630.376088
 630.567280
 632.374248
 632.565428
 635.332454
 635.416088
 635.499722
 636.533900
 640.328009
 640.413009
 640.497998
 642.326285
 642.445220
 642.537558
 644.287025
 644.411424
 644.501817
 646.552292
 648.331898
 648.416215
 648.500521
 649.541238
 652.357211
 652.548391
 654.318137
 654.417257
 654.505266
 656.354248
 656.439236
 656.524236
 658.316725
 658.402431
 658.488137
 660.322581
 660.407442
 660.492303
 662.296701
 662.386285
 662.475880
 663.517292
 666.336146
 666.427211
 666.518287
 670.325255
 670.412870
 670.496736
 675.316424
 675.422558
 675.516227
 683.328356
 683.449306
 686.307708
 686.408808
 695.329213
 701.435660
 705.428322
 707.421273
 711.335880
 711.422025
 713.328391
 713.416806
 720.348044
 724.336863
 724.764109
 727.326817
 727.764051
 730.327002
 730.765926
 732.313102
 732.748819
 735.302894
 735.725961
 737.314757
 737.739595
 740.278912
 740.697326
 745.277419
 745.705336
 747.278553
 747.709317
 751.280822
 751.703241
 755.283102
 755.657859
 755.747720
 758.284815
 758.659572
 758.749433
 760.285961
 760.650451
 760.740324
 795.732049
 797.737870
 812.646505
 816.660567
 831.709294
 835.675069
 837.638356
 839.582361
 839.668183
 841.612836
 841.696285
 843.613981
 846.657743
 849.664954
 851.642847
 854.656875
 856.658067
 858.644502
 860.645694
 862.647037
 865.660648
 867.626204
 869.623866
 872.621076
 874.622153
 876.399398
 876.503194
 876.597222
 878.354699
 878.452407
 878.546435
 880.350475
 880.455880
 880.539479
 882.356586
 882.440185
 882.523785
 884.363657
 884.465972
 884.559410
 886.364479
 886.449931
 886.535382
 888.365255
 888.450706
 888.536157
 890.360764
 890.446215
 890.531667
 892.361412
 892.447037
 892.538843
 894.361991
 894.461100
 894.546192
 896.366736
 896.469236
 896.562859
 898.356736
 898.456551
 898.550174
 900.357095
 900.500197
 900.612975
 902.357384
 902.444201
 902.531030
 904.357581
 904.443657
 904.529734
 906.357708
 906.443773
 906.529850
 908.357743
 908.468333
 908.564201
 911.366169
 911.450451
 911.543252
 913.357477
 913.442928
 913.528380
 915.357222
 915.458704
 915.551667
 919.360220
 919.467361
 919.566528
 930.352650
 930.462859
 930.557604
 933.398507
 933.481944
 933.565394
 936.349618
 936.444051
 936.534734
 938.348461
 938.459086
 938.555509
 942.350231
 942.435602
 942.520984
 944.344641
 944.430012
 944.515394
 946.343252
 946.427407
 946.511574
 955.344387
 955.428148
 955.519931
 959.353519
 959.466852
 959.563646
 962.338461
 962.424271
 962.518090
 963.644120
 964.646100
 971.330347
 971.414630
 971.498912
 980.318125
 980.412986
 980.505764
 983.366435
 983.471678
 983.560706
 987.375093
 987.572569
 990.383368
 990.466968
 990.550579
 991.588380
 994.349294
 994.454109
 994.546458
 996.359907
 996.566563
 1000.371725
 1000.562905
 1002.326424
 1002.431111
 1002.526169
 1004.341574
 1004.460498
 1004.552847
 1006.366412
 1006.557593
 1008.347766
 1008.432361
 1008.516956
 1009.549606
 1011.303796
 1011.418854
 1011.507326
 1012.508958
 1012.595417
 1014.309699
 1014.393472
 1014.477257
 1015.524282
 1018.317569
 1018.402558
 1018.487558
 1019.502373
 1021.309016
 1021.392986
 1021.476944
 1022.485081
 1023.550961
 1025.317546
 1025.403762
 1025.489977
 1028.338102
 1028.441644
 1028.532720
 1030.336875
 1030.540984
 1035.269005
 1035.354688
 1035.440382
 1038.297292
 1038.381157
 1038.465023
 1040.318368
 1040.439063
 1048.313542
 1048.419630
 1052.290185
 1052.402407
 1055.306921
 1055.408032
 1058.321366
 1058.437338
 1060.328102
 1064.311169
 1064.422222
 1066.430579
 1068.440660
 1070.435451
 1072.421377
 1074.404514
 1076.332199
 1076.422488
 1078.401354
 1080.394630
 1083.315671
 1083.399248
 1083.758056
 1086.306088
 1086.759086
 1089.336759
 1089.764005
 1091.326273
 1091.749815
 1093.327153
 1093.744317
