 16.767535
 50.751863
 57.746528
 89.718750
 91.717685
 95.714132
 106.702847
 108.702685
 109.701586
 110.699838
 119.690718
 125.687963
 126.686227
 127.684942
 128.686273
 129.683958
 133.681123
 135.675590
 135.680208
 136.677350
 136.681968
 138.667697
 138.672315
 139.677512
 141.672431
 144.679352
 147.643426
 149.640914
 152.632685
 154.627836
 160.611528
 168.589676
 169.583345
 171.581169
 173.576111
 188.535069
 189.528530
 197.506794
 197.681493
 212.469236
 233.412199
 254.351215
 263.326181
 272.301412
 274.299641
 276.289375
 276.293993
 278.287662
 279.286817
 379.767755
 381.767407
 400.761701
 405.757847
 415.751748
 432.739815
 433.737650
 438.734294
 446.727326
 456.717384
 458.715220
 460.713993
 473.702558
 475.699711
 477.698889
 483.693970
 488.688484
 489.690451
 490.687801
 494.687141
 495.683854
 498.684444
 500.679537
 501.677049
 501.681667
 503.681771
 504.671921
 504.676539
 505.666655
 505.671273
 514.638079
 517.629861
 519.624352
 526.609410
 528.603819
 533.589641
 535.584803
 536.578438
 543.563218
 544.560093
 547.551887
 552.538380
 555.529676
 619.351458
 629.328183
 639.299850
 641.289583
 641.294201
 644.287025
 720.764583
 741.768009
 759.763958
 773.756933
 803.734294
 819.719734
 820.719028
 821.717280
 825.713900
 826.713866
 840.699583
 841.700324
 848.693843
 852.691505
 856.687674
 859.687025
 863.684329
 865.679421
 867.678576
 868.669155
 868.673773
 869.672870
 869.677488
 870.663819
 880.639479
 882.634190
 887.620775
 900.584780
 902.579873
 931.497280
 937.483785
 938.481817
 984.351678
 984.356296
 985.353449
 994.328403
 1003.300938
 1008.288067
 1085.764479
