 0.301817
 0.759583
 1.314016
 1.761609
 3.271250
 3.715428
 6.288310
 7.324097
 7.747245
 8.305370
 8.709792
 11.275463
 11.765521
 13.276574
 13.766620
 15.277685
 16.278252
 16.736655
 17.294329
 17.688148
 18.766111
 25.283380
 25.681609
 27.284525
 27.674028
 27.763495
 28.764444
 33.758553
 41.757755
 46.689630
 47.754028
 54.747731
 60.701655
 62.637674
 62.724838
 64.711192
 67.739363
 70.736979
 73.729282
 74.733218
 79.603808
 79.702164
 81.632535
 81.725012
 83.600579
 83.686725
 85.601586
 85.701273
 87.602604
 87.702280
 88.718194
 90.713819
 92.684572
 94.685613
 95.711690
 97.674525
 99.628646
 101.619549
 101.704722
 103.632303
 105.615995
 105.704167
 107.670359
 108.696215
 109.701366
 111.618924
 112.698519
 114.552569
 114.659792
 115.695324
 116.695637
 119.627755
 120.691447
 122.503692
 122.604329
 122.688160
 124.649167
 125.678935
 127.580428
 127.680903
 128.685278
 130.595150
 133.572975
 134.680475
 137.602083
 138.676435
 139.680220
 141.355856
 141.442627
 141.529410
 143.423623
 143.605116
 144.625000
 146.378808
 146.477384
 146.562963
 147.614225
 148.675266
 149.511644
 149.596852
 150.672025
 152.375069
 152.489363
 152.575058
 153.676863
 155.352870
 155.468866
 155.564583
 156.635845
 158.363785
 158.451181
 158.537373
 159.491343
 159.595926
 160.659734
 161.671505
 162.505301
 162.641238
 164.408623
 164.510648
 164.612674
 165.521690
 165.614688
 166.669595
 167.512928
 167.617778
 169.356991
 169.470718
 169.566343
 170.663310
 171.518194
 171.619063
 172.502882
 172.613252
 174.357604
 174.444433
 174.533009
 177.357731
 177.469699
 177.568935
 178.621539
 179.677002
 182.357512
 182.443056
 182.528588
 182.679803
 183.518032
 183.626447
 184.420961
 184.508044
 184.595116
 185.521516
 185.622060
 186.407847
 186.493380
 186.578924
 187.518530
 187.603021
 188.419132
 188.521933
 188.610301
 189.672523
 194.354838
 194.441771
 194.528692
 194.684896
 200.352419
 200.468900
 200.569907
 201.649699
 208.351921
 208.476968
 208.577975
 208.689965
 214.359780
 214.445312
 214.533588
 216.354618
 216.449201
 216.540035
 223.341343
 223.450313
 223.538588
 226.338900
 226.452674
 226.540961
 229.336377
 229.423449
 229.514282
 230.550625
 230.684109
 232.333785
 232.447558
 232.548576
 234.328252
 234.412095
 234.518970
 236.326458
 236.421053
 236.511887
 238.328403
 238.442188
 238.530463
 241.321887
 241.416470
 241.507303
 244.319086
 244.440370
 244.528657
 251.312454
 251.425880
 251.519005
 252.449861
 252.543773
 252.638021
 253.332002
 253.424838
 253.512500
 254.478252
 254.586759
 254.674028
 257.306759
 257.419653
 257.512789
 258.472338
 258.587593
 259.590718
 261.311725
 261.404664
 261.493854
 263.309850
 263.402789
 263.491979
 264.458229
 264.551563
 264.645868
 265.623715
 267.306146
 267.413831
 267.514745
 268.518252
 268.604792
 269.342361
 269.435266
 269.544005
 270.566331
 271.612234
 272.416817
 272.502998
 272.596921
 273.416400
 273.559896
 274.582245
 275.585556
 277.297257
 277.390197
 277.479387
 280.294722
 280.402407
 280.503322
 282.293079
 282.386019
 282.475208
 283.363171
 283.448171
 283.533067
 284.500278
 284.585336
 285.586007
 286.354236
 286.441065
 286.528785
 287.416632
 287.510556
 288.351366
 288.437095
 288.535417
 289.542593
 290.412986
 290.500544
 291.554340
 293.293519
 293.399456
 293.493623
 295.312836
 295.403634
 295.494444
 296.547199
 298.310903
 298.401713
 298.492512
 299.526262
 300.536667
 301.524826
 302.533229
 303.517465
 305.268762
 305.354815
 305.439282
 306.482234
 307.332326
 307.424491
 307.521782
 309.266817
 309.352269
 309.440567
 310.501794
 311.426204
 312.457558
 313.336748
 313.483484
 317.301910
 317.392720
 317.483519
 319.301331
 319.391412
 319.491412
 320.482477
 321.441516
 322.442315
 324.300208
 324.388530
 324.476852
 326.299896
 326.383356
 326.466817
 327.405069
 328.419456
 329.419884
 333.452766
 334.400127
 335.413403
 336.423287
 337.423519
 338.384352
 339.385382
 340.399595
 343.405058
 344.379664
 345.400278
 346.384641
 348.389850
 350.373461
 352.338762
 352.761620
 353.341250
 354.309317
 354.400521
 354.755544
 355.377164
 361.311134
 361.742558
 364.301227
 369.303148
 369.760174
 371.288171
 371.760243
 372.323970
 372.713194
 373.303738
 373.767569
 375.274780
 376.275336
 376.696354
 378.276435
 378.687523
 379.316019
 379.739155
 381.278125
 382.278692
 382.737095
 383.763935
 387.281539
 387.677141
 390.283252
 391.283819
 391.671030
 391.758090
 393.284965
 393.757269
 406.757616
 429.729583
 434.733843
 437.734699
 439.649120
 440.732581
 445.726840
 448.722917
 451.691852
 452.715961
 454.606458
 454.705694
 456.628472
 460.671875
 462.710509
 464.608206
 464.707593
 465.708947
 468.632176
 470.633287
 471.700463
 472.703935
 474.637326
 476.640822
 477.698380
 480.616759
 482.587153
 482.690775
 484.619109
 485.692396
 488.656030
 490.615972
 492.593287
 492.687083
 494.608102
 495.685046
 498.648704
 500.644873
 502.669502
 504.390822
 504.600313
 507.346516
 507.457176
 507.541412
 509.360313
 509.445509
 509.543449
 510.575382
 510.665683
 511.677303
 513.349606
 513.472801
 513.570729
 514.645683
 515.675162
 517.361250
 517.465127
 517.561042
 518.627407
 519.676782
 521.353171
 521.471412
 521.563229
 522.636690
 523.503692
 523.588356
 524.641134
 525.674757
 526.485139
 526.589190
 527.514271
 527.601921
 529.618762
 530.506215
 530.630000
 532.356574
 532.479086
 532.563530
 533.664190
 534.522535
 534.635880
 536.357280
 536.444444
 536.541007
 537.626910
 540.401968
 540.513935
 540.613171
 542.357731
 542.462315
 542.553206
 542.678299
 543.428866
 543.513067
 543.599815
 544.653877
 545.677836
 546.527523
 546.614398
 547.416262
 547.530891
 547.623831
 549.371007
 549.486898
 549.575590
 550.665532
 551.425752
 551.587975
 551.675741
 554.356377
 554.443310
 554.530243
 556.355868
 556.442789
 556.529722
 557.502743
 557.597708
 561.422975
 561.527743
 561.628750
 562.685671
 572.348900
 572.465394
 572.553669
 573.619444
 576.361933
 576.447465
 576.548472
 577.577014
 579.348218
 579.457199
 579.545475
 581.354780
 581.449375
 581.540208
 594.336597
 594.445567
 594.533843
 597.333993
 597.421076
 597.511910
 599.332234
 599.446007
 599.534294
 603.328623
 603.442396
 603.530683
 606.322106
 606.416690
 606.507523
 608.320243
 608.441539
 608.529815
 616.312697
 616.426111
 616.519248
 618.310787
 618.423692
 618.516817
 619.439456
 619.553090
 619.637951
 620.341331
 620.428738
 620.514838
 623.306042
 623.418935
 623.512072
 625.307917
 625.408090
 625.500255
 626.481678
 626.576157
 627.631933
 629.300405
 629.405637
 629.492535
 630.444699
 630.537060
 630.620718
 631.464815
 631.554583
 632.426447
 632.511655
 632.609329
 633.463623
 633.558646
 634.589016
 636.302731
 636.410417
 636.511319
 637.452303
 637.542616
 640.299190
 640.392130
 640.481319
 642.297454
 642.405139
 642.506053
 646.294097
 646.387037
 646.476227
 648.292465
 648.400150
 648.501065
 649.358356
 649.451389
 649.535764
 650.357164
 650.469144
 650.565509
 652.289329
 652.382269
 652.471458
 653.350602
 653.436447
 653.521354
 655.287083
 655.380035
 655.469213
 657.285648
 657.393333
 657.494248
 658.340243
 658.426713
 658.515995
 659.347569
 659.434850
 659.522141
 660.555613
 661.536238
 663.311042
 663.396863
 663.487674
 664.517662
 666.309225
 666.400035
 666.490833
 669.307546
 669.398345
 669.489155
 671.306505
 671.397303
 671.488113
 676.304190
 676.394988
 676.485799
 677.458333
 678.502442
 680.302650
 680.393449
 680.484259
 681.464225
 682.468877
 684.301389
 684.392199
 684.482998
 685.467118
 687.300648
 687.390729
 688.440995
 689.450301
 691.299907
 691.383380
 691.466840
 698.448032
 699.423403
 701.429514
 702.418009
 703.422002
 704.429896
 706.400949
 708.343171
 709.344236
 712.332350
 715.343912
 717.338125
 717.762755
 718.336181
 720.309583
 720.395810
 720.756921
 726.311019
 728.311898
 728.758461
 734.271505
 734.760058
 736.288044
 736.761088
 740.274664
 741.275208
 741.737373
 742.291273
 742.696748
 747.278553
 749.279688
 749.675289
 749.765822
 755.283102
 755.764965
 758.284815
 758.673171
 758.764711
 759.763229
 765.716470
 767.760012
 777.705266
 793.716319
 800.733275
 802.719225
 803.733009
 815.720694
 817.681771
 819.693275
 821.692650
 823.679861
 824.715405
 825.710891
 828.677014
 836.622928
 838.616956
 838.701192
 841.697685
 843.698831
 845.558889
 845.666111
 846.693403
 848.649792
 850.571771
 850.667442
 851.691528
 853.409306
 853.508854
 853.610486
 855.537998
 855.636991
 857.575775
 857.661667
 859.562060
 859.661053
 860.683657
 862.613819
 865.573889
 867.424433
 867.516713
 867.615891
 869.344734
 869.448634
 869.535139
 870.651458
 872.355266
 872.613345
 873.675127
 875.365741
 875.449919
 875.537442
 875.678356
 877.357882
 877.464410
 877.564896
 878.607072
 879.668345
 881.368704
 881.452037
 881.541181
 882.625683
 884.352280
 884.455023
 884.541030
 885.616991
 886.676655
 887.519861
 887.613831
 888.523461
 888.610463
 890.364352
 890.452095
 890.537211
 893.393600
 893.479248
 893.564896
 895.356065
 895.464329
 895.556053
 896.529884
 896.616157
 897.656435
 898.508947
 898.592870
 899.494086
 899.585116
 899.673056
 901.357245
 901.445081
 901.532917
 902.427350
 902.512836
 902.600868
 903.663981
 904.425706
 904.589086
 905.641273
 906.415926
 906.578102
 906.670891
 907.676007
 908.413623
 908.498900
 908.591343
 910.357708
 910.473461
 910.572697
 911.633021
 913.357477
 913.469826
 913.563808
 916.357060
 916.470000
 916.569236
 918.356678
 918.443762
 918.530833
 918.682049
 920.356215
 920.472697
 920.573715
 922.355660
 922.447697
 922.535984
 924.355023
 924.449618
 924.540451
 925.501852
 925.588137
 925.676956
 929.356852
 929.443924
 929.534757
 931.355949
 931.440475
 931.528750
 937.364525
 937.451597
 937.542431
 938.424352
 938.564109
 938.673426
 944.348403
 944.435475
 944.526308
 944.694525
 946.343252
 946.464549
 946.552824
 947.504039
 947.618785
 949.344826
 949.469861
 949.570868
 959.336794
 959.450579
 959.538854
 964.332442
 964.446227
 964.534502
 965.540012
 965.649294
 967.329757
 967.443530
 967.544537
 967.708009
 971.322326
 971.414363
 971.502650
 972.527766
 972.613125
 972.707546
 980.313877
 980.426771
 980.519907
 983.311019
 983.423912
 983.517049
 988.306262
 988.419167
 988.512292
 989.444838
 989.536852
 989.625104
 991.303438
 991.411123
 991.503287
 992.506238
 992.596042
 993.464907
 993.552199
 993.646296
 994.323056
 994.407454
 994.503113
 994.608287
 995.578044
 997.306586
 997.414271
 997.515174
 998.556227
 999.586771
 1000.434444
 1000.530521
 1000.619387
 1002.302049
 1002.409734
 1002.510637
 1003.437581
 1003.523461
 1003.617593
 1004.591632
 1005.594618
 1009.295961
 1009.388900
 1009.478090
 1011.294294
 1011.401979
 1011.502882
 1012.410625
 1012.504259
 1012.594884
 1013.366076
 1013.451863
 1013.537569
 1015.291053
 1015.384005
 1015.473194
 1017.289502
 1017.397188
 1017.498090
 1019.287986
 1019.380937
 1019.470116
 1020.349282
 1020.435127
 1020.520035
 1021.528727
 1022.487905
 1023.331887
 1023.426331
 1023.515729
 1024.384387
 1024.469722
 1025.523021
 1026.539769
 1027.541655
 1028.495891
 1029.491644
 1030.528854
 1031.503472
 1033.308218
 1033.399028
 1033.489826
 1034.533310
 1036.306620
 1036.397431
 1036.488229
 1038.305637
 1038.396447
 1038.487245
 1039.504525
 1040.484641
 1047.302037
 1047.392847
 1047.483657
 1048.483843
 1049.451701
 1050.478461
 1051.450000
 1052.455336
 1053.392095
 1053.483368
 1054.480289
 1055.428507
 1058.299676
 1058.383137
 1058.466609
 1059.377650
 1059.468738
 1060.408530
 1063.452106
 1066.429491
 1068.429618
 1070.400775
 1072.402141
 1073.392778
 1074.331632
 1074.419537
 1075.387153
 1076.400521
 1077.399641
 1078.330810
 1078.417558
 1079.366887
 1082.338032
 1085.341007
 1085.758692
 1086.341424
 1086.755150
 1090.310475
 1091.346181
 1091.748264
 1093.285012
 1093.377407
 1093.735613
 1094.336262
 1094.743449
