 1.767431
 8.768021
 13.764213
 16.765891
 29.762604
 30.763171
 39.752836
 39.757454
 40.753380
 40.757998
 41.753924
 41.758542
 42.754468
 50.746250
 50.750868
 51.746771
 51.751389
 52.747280
 55.747928
 56.748438
 60.744063
 65.740000
 69.736667
 74.732407
 78.729398
 82.724097
 83.724595
 91.716910
 92.714340
 98.708299
 99.705741
 99.710359
 103.705220
 105.697859
 105.702477
 106.697512
 106.702130
 110.700417
 111.695984
 116.682917
 116.687535
 118.686273
 118.690891
 119.686863
 119.691481
 122.678160
 122.682778
 124.689028
 126.667535
 126.672153
 127.680718
 127.685336
 128.678403
 128.683021
 129.686609
 130.672014
 130.676632
 131.669688
 131.674306
 132.677894
 132.682512
 133.663287
 133.667905
 135.669317
 135.673935
 136.669896
 136.674514
 137.662894
 137.667512
 138.663461
 138.668079
 140.657014
 140.661632
 141.670150
 141.674769
 142.675150
 142.679769
 143.648877
 143.653495
 144.678519
 145.643924
 145.648542
 146.673553
 146.678171
 150.630625
 150.635243
 154.619664
 154.624282
 157.665891
 157.670509
 158.607523
 158.612141
 159.607870
 159.612488
 160.675278
 161.600336
 161.604954
 162.600648
 162.605266
 165.588727
 165.593345
 167.669711
 167.674329
 168.675382
 169.675035
 170.576273
 170.580891
 172.674039
 175.563333
 175.567951
 177.559745
 177.564363
 178.677153
 179.676817
 180.546956
 180.551574
 182.668634
 182.673252
 183.538715
 183.543333
 185.671493
 185.676111
 186.676736
 186.681354
 187.528380
 187.532998
 189.666285
 189.670903
 191.652431
 191.657049
 194.509583
 194.514201
 196.641875
 196.646493
 197.646910
 197.651528
 203.620972
 203.625590
 206.612743
 206.617361
 209.469074
 209.473692
 212.604711
 212.609329
 214.456042
 214.460660
 216.586759
 216.591377
 217.591458
 217.596076
 220.441898
 220.446516
 223.573171
 223.577789
 229.551030
 229.555648
 230.554618
 230.559236
 232.405567
 232.410185
 233.404688
 233.409306
 234.403796
 234.408414
 238.523623
 238.528241
 241.520868
 241.525486
 251.487558
 251.492176
 253.485660
 253.490278
 260.331701
 260.336319
 261.330764
 261.335382
 262.329826
 262.453981
 263.328889
 263.453044
 264.447500
 264.452118
 267.444722
 267.449340
 268.443808
 268.448426
 269.442905
 269.447523
 270.442002
 270.446620
 271.441100
 271.445718
 272.440208
 272.444826
 274.291123
 274.295741
 276.289375
 276.293993
 277.288519
 277.412674
 280.405521
 280.410139
 282.403877
 282.408495
 283.403067
 283.407685
 284.402269
 284.406887
 285.401481
 285.406100
 286.400706
 286.405324
 288.399190
 288.403808
 289.398438
 289.403056
 291.396991
 291.401609
 292.396285
 292.400903
 293.395590
 293.400208
 294.394896
 294.399514
 296.393576
 296.398194
 302.389919
 302.394537
 303.389363
 303.393981
 304.388819
 304.393438
 305.388299
 305.392917
 306.387789
 306.392407
 307.387292
 307.391910
 309.386354
 351.760382
 354.763067
 356.763796
 358.764583
 359.764988
 360.764340
 362.766377
 369.767778
 378.764086
 379.764641
 381.765764
 395.763032
 396.763588
 404.752697
 404.757315
 405.753241
 405.757859
 406.753796
 406.758414
 408.754873
 417.747164
 421.748322
 424.743438
 426.744433
 429.739375
 434.736539
 448.724479
 455.716262
 456.716771
 458.715880
 462.712639
 463.708160
 469.704745
 471.697384
 471.702002
 472.697951
 472.702569
 475.700289
 478.691516
 478.696134
 479.689178
 479.693796
 481.682778
 481.687396
 484.686713
 484.691331
 487.678009
 487.682627
 488.691204
 489.688877
 490.686944
 492.680567
 492.685185
 494.686470
 496.669549
 496.674167
 497.677755
 497.682373
 498.678345
 498.682963
 499.661944
 499.666562
 500.669190
 500.673808
 501.669769
 501.674387
 502.662766
 502.667384
 503.663333
 503.667951
 504.676493
 504.681111
 505.656887
 505.661505
 506.670035
 506.674653
 507.670579
 507.675197
 508.648750
 508.653368
 510.643808
 510.648426
 511.673438
 511.678056
 512.638819
 512.643438
 515.630498
 515.635116
 516.630961
 516.635579
 519.619560
 519.624178
 520.619977
 520.624595
 522.665799
 522.670417
 523.666169
 523.670787
 524.607789
 524.612407
 525.675197
 526.600266
 526.604884
 528.674514
 530.588681
 530.593299
 533.675347
 534.675012
 540.563333
 540.567951
 542.672662
 542.677280
 544.672373
 544.676991
 545.677755
 548.669525
 548.674144
 549.537755
 549.542373
 550.671528
 550.676146
 554.666354
 554.670972
 556.518600
 556.523218
 557.652222
 557.656840
 559.509688
 559.514306
 560.642361
 560.646979
 561.641991
 561.646609
 563.499294
 563.503912
 568.621100
 568.625718
 570.613438
 570.618056
 572.612315
 572.616933
 573.617141
 573.621759
 577.603889
 577.608507
 579.456204
 579.460822
 581.586933
 581.591551
 582.591632
 582.596250
 594.551250
 594.555868
 595.554838
 595.559456
 599.404016
 599.408634
 600.403125
 600.527280
 602.401319
 602.525475
 603.523843
 603.528461
 606.521088
 606.525706
 607.520150
 607.524769
 616.487789
 616.492407
 618.485891
 618.490509
 619.484942
 619.489560
 626.330995
 626.335613
 630.446794
 630.451412
 631.445868
 631.450486
 632.444942
 632.449560
 634.443113
 634.447731
 635.442211
 635.446829
 636.441308
 636.445926
 637.440405
 637.445023
 638.439525
 638.444144
 641.289583
 641.294201
 642.288715
 642.412870
 643.287870
 643.412014
 645.405718
 645.410336
 646.404896
 646.409514
 648.403264
 648.407882
 649.402465
 649.407083
 650.401678
 650.406296
 652.400127
 652.404745
 654.398623
 654.403241
 655.397882
 655.402500
 656.397153
 656.401782
 659.395058
 659.399676
 660.394387
 660.399005
 661.393715
 661.398333
 662.393067
 662.397685
 663.392442
 663.397060
 665.391215
 665.395833
 666.390625
 666.395243
 669.388947
 669.393565
 672.387407
 672.392025
 673.386921
 716.760301
 720.763322
 724.764873
 725.765289
 726.765810
 728.765648
 734.767650
 738.767755
 743.763947
 744.764514
 745.765069
 746.765625
 755.765694
 759.762326
 760.762894
 761.763461
 769.752581
 769.757199
 771.753681
 771.758299
 772.754225
 773.754757
 779.745486
 779.750104
 780.746007
 780.750625
 782.747049
 782.751667
 784.747176
 786.748206
 790.743819
 791.744329
 795.739780
 800.736944
 805.732685
 813.724363
 821.716667
 827.712535
 833.704988
 834.704630
 836.698171
 836.702789
 837.697836
 837.702454
 841.700741
 843.691389
 843.696007
 845.697245
 849.686597
 849.691215
 852.677894
 852.682512
 853.678484
 853.683102
 854.676169
 854.680787
 855.686840
 856.667269
 856.671887
 857.667870
 857.672488
 858.678137
 858.682755
 861.670556
 861.675174
 862.677639
 862.682257
 867.682813
 868.663218
 868.667836
 869.676377
 869.680995
 872.670463
 872.675081
 873.676412
 874.649167
 874.653785
 876.673322
 876.677940
 877.638715
 877.643333
 880.630405
 880.635023
 881.630880
 881.635498
 884.619479
 884.624097
 885.619896
 885.624514
 888.666111
 888.670729
 889.607731
 889.612350
 890.675150
 891.600220
 891.604838
 892.600532
 892.605150
 893.674468
 894.674225
 896.588889
 896.593507
 898.585671
 898.590289
 899.674977
 900.576227
 900.580845
 904.673935
 905.563322
 905.567940
 907.671690
 907.676308
 908.677164
 909.672396
 909.677014
 913.669572
 913.674190
 916.675880
 916.680498
 917.529352
 917.533970
 919.661979
 919.666597
 926.642083
 926.646701
 930.632442
 930.637060
 933.621227
 933.625845
 938.617292
 938.621910
 939.469375
 939.473993
 941.600255
 941.604873
 942.599618
 942.604236
 944.456377
 944.460995
 946.587118
 946.591736
 947.590856
 947.595475
 949.443032
 949.447650
 950.442280
 950.446898
 953.569120
 953.573738
 955.425613
 955.430231
 962.553310
 962.557928
 964.404225
 964.408843
 965.403333
 965.407951
 971.521308
 971.525926
 974.518519
 974.523137
 980.365532
 980.489688
 981.488021
 981.492639
 983.486123
 983.490741
 984.485174
 984.489792
 985.484213
 985.488831
 986.483264
 986.487882
 988.481366
 988.485984
 989.333102
 989.337720
 991.331215
 991.335833
 993.329340
 993.453495
 994.328403
 994.452558
 996.446088
 996.450706
 997.445162
 997.449780
 998.444248
 998.448866
 1001.441528
 1001.446146
 1002.440625
 1002.445243
 1004.291539
 1004.296157
 1006.289792
 1006.294410
 1008.288067
 1008.412222
 1011.405093
 1011.409711
 1013.403449
 1013.408067
 1015.401852
 1015.406470
 1016.401076
 1016.405694
 1017.400301
 1017.404919
 1018.399537
 1018.404155
 1019.398785
 1019.403403
 1021.397315
 1021.401933
 1022.396609
 1022.401227
 1023.395903
 1023.400521
 1025.394537
 1025.399155
 1026.393866
 1026.398484
 1027.393218
 1027.397836
 1029.391956
 1029.396574
 1030.391354
 1030.395972
 1031.390764
 1031.395382
 1032.390185
 1032.394803
 1033.389618
 1033.394236
 1034.389074
 1034.393692
 1035.388542
 1035.393160
 1039.386563
 1088.764363
 1089.764769
 1090.765174
 1091.765706
 1092.766146
 1093.766597
