 3.271250
 4.765000
 9.290382
 10.763356
 11.767465
 13.733611
 19.757072
 21.763588
 23.743762
 27.740266
 29.764167
 32.757025
 37.693183
 43.690023
 47.727361
 52.681782
 53.748495
 57.741296
 62.691400
 65.719398
 68.722662
 71.731088
 75.671435
 78.719780
 83.711019
 86.488368
 87.719815
 88.650926
 89.715729
 91.660775
 94.506968
 94.712731
 95.629815
 96.712384
 99.477326
 100.709884
 101.705579
 103.441435
 107.612546
 107.701782
 109.424444
 109.699977
 111.452836
 111.698819
 114.458206
 116.694850
 118.438461
 118.691921
 122.455671
 123.611690
 124.688449
 125.578623
 126.664398
 129.488171
 131.631910
 133.680903
 134.562963
 134.675602
 135.670301
 136.615509
 137.656944
 138.597743
 139.652060
 140.642106
 141.662454
 142.654201
 143.657824
 145.629306
 146.659722
 147.634086
 148.650613
 149.646019
 151.477014
 151.652338
 152.632211
 153.618368
 154.626481
 155.611481
 156.630231
 157.581516
 158.609630
 159.602419
 160.654363
 161.550370
 162.591898
 163.539178
 163.669491
 165.623275
 166.571551
 167.535127
 167.647894
 169.476713
 169.650324
 171.556956
 172.576863
 172.673414
 173.571806
 173.674294
 174.548796
 176.519861
 176.650162
 177.561655
 178.519850
 179.527384
 179.676481
 181.557847
 182.540903
 183.493646
 183.676065
 184.543484
 184.676053
 186.557211
 189.521806
 191.516030
 191.680914
 192.511238
 192.680718
 193.553414
 193.677940
 200.488762
 200.684433
 206.542824
 208.476354
 211.477905
 217.462130
 220.452095
 222.446412
 223.444931
 229.385694
 230.417685
 230.592153
 234.433947
 235.409525
 235.571366
 242.430394
 243.378310
 243.564028
 250.454525
 251.394572
 257.368669
 259.372674
 261.438125
 262.431597
 264.421863
 265.428565
 266.433715
 267.413264
 268.378692
 269.380845
 270.372072
 271.366354
 272.372257
 273.403947
 274.362963
 276.358681
 277.412014
 278.388461
 280.400937
 282.385139
 283.407025
 284.391528
 285.405440
 286.381968
 289.384097
 291.371493
 292.390475
 293.384838
 295.381817
 297.381701
 298.378981
 299.373843
 300.385278
 302.371192
 304.376400
 306.357130
 307.384537
 309.348194
 311.379676
 312.365822
 313.371377
 315.336921
 318.360822
 321.262685
 322.323241
 324.262072
 325.333831
 328.285961
 331.286713
 334.296852
 338.274178
 340.273426
 343.273877
 345.394398
 347.421065
 350.295255
 353.396111
 355.764294
 356.763877
 360.327176
 363.285255
 374.290775
 376.731285
 378.758160
 381.766343
 390.293160
 391.759201
 392.764074
 396.756690
 398.762338
 402.760556
 407.692535
 413.693275
 414.750463
 416.746458
 418.745463
 419.749664
 420.748542
 421.747813
 425.664676
 426.744352
 428.735451
 432.726470
 434.727454
 435.737141
 437.732986
 438.731771
 439.731123
 441.731794
 443.718715
 445.718646
 447.721007
 449.711725
 452.487025
 453.721042
 457.472593
 459.495961
 461.711192
 463.674167
 465.709525
 469.440949
 470.704734
 471.702303
 473.701840
 474.609317
 475.698912
 478.693773
 480.448738
 480.696794
 482.428935
 484.682303
 485.618958
 487.422303
 487.690463
 488.619965
 489.671262
 490.685810
 493.593542
 493.685556
 495.481053
 496.624977
 497.681262
 498.570116
 498.674016
 499.678275
 500.601389
 501.671736
 502.653009
 503.659549
 504.646933
 505.662674
 506.604792
 507.657824
 508.616377
 509.650903
 510.640405
 511.648611
 512.623947
 513.645938
 514.631192
 515.634375
 516.593854
 518.479375
 518.643854
 519.630058
 520.617766
 521.616597
 522.598148
 523.621968
 524.599491
 525.606134
 526.602188
 527.644491
 529.545683
 529.674942
 530.585498
 531.580903
 532.545417
 532.670741
 533.587847
 534.568056
 534.674039
 535.582188
 536.540880
 536.638032
 537.610197
 538.566123
 538.676736
 540.568171
 540.674444
 542.560451
 542.675602
 544.541447
 546.558530
 546.676863
 548.533183
 548.671296
 549.560035
 550.496597
 554.522870
 556.500972
 560.495185
 562.482141
 568.477708
 571.468438
 573.463553
 579.465926
 581.446956
 582.435359
 582.612500
 584.452720
 588.484410
 590.440243
 594.429514
 595.416620
 597.376007
 600.402303
 601.391389
 603.383206
 606.379722
 616.395347
 618.406389
 622.434630
 623.429410
 624.376042
 625.381204
 628.341667
 631.334352
 632.368981
 633.346215
 633.466586
 634.406076
 635.359873
 636.333345
 636.439213
 637.412546
 638.392303
 639.360139
 639.480081
 641.433356
 642.405012
 645.402176
 646.393657
 648.391181
 649.391238
 653.395822
 655.394641
 657.383137
 658.394282
 659.380856
 661.374988
 662.397037
 664.373090
 665.369028
 666.369734
 668.395602
 669.358275
 672.384641
 674.348299
 675.380208
 676.357975
 677.371863
 679.337361
 685.262986
 687.331609
 690.334421
 694.275127
 698.285104
 701.274016
 704.261516
 707.277905
 710.278461
 715.368727
 717.762755
 719.763333
 720.752176
 725.327106
 729.313368
 732.287025
 736.305058
 738.764907
 739.764375
 743.301736
 743.767396
 747.299051
 748.763542
 755.291840
 756.751632
 761.755139
 763.761632
 767.744387
 770.754873
 776.697940
 780.735926
 786.743981
 787.746794
 790.742431
 792.736088
 797.663472
 799.736586
 803.712315
 805.730718
 809.510231
 811.711794
 812.726620
 814.720220
 816.722315
 819.528773
 821.476771
 822.673877
 824.660347
 825.711968
 827.482350
 829.482569
 830.605683
 830.706539
 831.703750
 834.463113
 836.462512
 836.704259
 837.701863
 839.432708
 840.696030
 845.409711
 845.696481
 847.695486
 848.693704
 849.694028
 850.690845
 852.691111
 853.689421
 854.611921
 855.667824
 857.483646
 858.624294
 859.678738
 860.575451
 860.680405
 864.463218
 865.586725
 866.644306
 867.605509
 868.660891
 869.598056
 870.652373
 871.642407
 872.657940
 874.655035
 875.649769
 876.629595
 877.657442
 879.631088
 880.639525
 881.624618
 882.637419
 883.615046
 884.628877
 885.610289
 886.608669
 887.560938
 888.620509
 889.567569
 890.597465
 891.596505
 892.609815
 893.556852
 894.551400
 894.648553
 895.626690
 896.536331
 896.665729
 897.568472
 897.675961
 898.658866
 899.570035
 900.560926
 901.568102
 902.531771
 902.676852
 903.588681
 903.674109
 904.605127
 905.521505
 906.534468
 906.654838
 907.545579
 907.675116
 909.554873
 911.553137
 911.675255
 912.546725
 913.500683
 914.520081
 915.508403
 916.519792
 918.493333
 920.509965
 920.673796
 921.571169
 921.671204
 922.502303
 922.681991
 923.542674
 923.674120
 924.522905
 927.496944
 928.481435
 928.654826
 930.503588
 932.467847
 938.464468
 942.458970
 944.453553
 946.432951
 947.435961
 947.596308
 953.453993
 959.459352
 960.448380
 960.598507
 962.481968
 965.416215
 966.445718
 968.389155
 971.382998
 973.419502
 980.406539
 981.415718
 982.372639
 982.530579
 983.433229
 984.353750
 984.525764
 985.445023
 988.348981
 989.376574
 990.337512
 990.481759
 991.391898
 992.362894
 993.344560
 994.347211
 994.479745
 997.428403
 999.415729
 1001.438461
 1002.396389
 1003.364606
 1004.334850
 1004.460023
 1008.396562
 1009.387141
 1013.399757
 1014.358519
 1015.397269
 1017.365035
 1018.403495
 1019.388044
 1020.392234
 1023.386933
 1025.388727
 1026.375139
 1027.380799
 1028.381354
 1029.378646
 1030.373519
 1031.384954
 1033.370880
 1034.376655
 1035.357870
 1036.385266
 1039.348403
 1041.379873
 1044.365220
 1049.279826
 1052.262535
 1053.331424
 1054.334630
 1056.275498
 1057.322431
 1059.275139
 1064.285104
 1067.274051
 1070.261586
 1072.273623
 1074.273958
 1077.394722
 1082.264213
 1083.756979
 1085.764271
 1090.278900
