 4.355012
 4.711887
 7.344803
 7.708912
 10.279178
 10.723785
 13.276574
 13.715243
 15.298646
 15.725706
 17.278819
 17.696620
 19.289444
 19.688414
 21.281088
 21.706528
 24.303773
 24.688912
 26.293449
 26.686493
 52.750810
 57.747720
 60.744780
 76.731690
 78.729803
 92.716586
 104.704630
 109.699340
 113.698206
 117.689977
 119.687975
 121.677535
 125.668900
 127.685289
 129.665208
 134.651944
 136.636227
 138.344410
 138.457234
 138.555023
 140.345532
 140.472546
 140.574745
 143.347164
 143.443218
 143.534074
 145.376366
 145.470046
 145.558553
 147.409676
 147.493877
 147.578079
 149.368183
 149.459618
 149.551053
 151.361123
 151.458032
 151.558727
 153.352037
 153.439977
 153.527917
 155.379410
 155.463137
 155.547060
 157.360023
 157.443762
 157.533877
 159.431644
 159.609942
 161.355035
 161.440521
 161.526007
 163.367106
 163.452766
 163.538414
 165.396817
 165.481944
 165.567060
 167.369074
 167.453194
 167.549780
 169.356991
 169.466030
 169.562616
 171.357292
 171.445185
 171.533090
 173.402639
 173.495336
 173.584109
 175.636944
 177.615671
 180.387315
 180.490185
 180.593067
 183.390544
 183.482870
 183.580637
 187.362199
 187.447616
 187.538461
 191.365093
 191.453993
 191.542882
 193.684514
 201.351944
 201.437662
 201.523380
 203.356389
 203.477153
 203.579005
 207.370764
 207.455451
 207.540127
 211.350556
 211.469109
 211.570799
 217.350220
 217.435336
 217.528507
 229.344502
 229.430289
 229.516076
 235.339248
 235.423530
 235.507824
 241.391713
 241.475648
 241.559583
 253.314815
 253.410509
 253.504144
 258.649861
 263.620150
 265.606053
 267.328032
 267.444213
 267.533796
 268.562025
 270.613715
 273.616667
 275.614907
 279.596782
 281.578553
 284.321701
 284.408808
 284.495926
 286.281169
 286.382025
 286.470417
 287.568252
 292.557060
 294.559248
 296.548657
 300.548553
 303.349317
 303.539931
 330.459225
 338.437870
 343.411481
 347.329421
 347.419664
 353.763970
 359.380185
 359.743634
 361.367106
 361.735197
 363.359780
 363.744201
 365.353912
 365.744850
 368.352095
 368.724329
 369.767766
 375.279039
 375.721968
 378.285926
 378.715278
 380.298519
 380.706782
 382.278692
 382.707905
 384.279826
 384.703530
 387.281539
 387.679190
 387.763634
 390.283252
 390.659653
 390.759329
 397.762905
 417.751331
 427.743993
 433.738507
 444.728669
 450.722685
 462.712604
 474.701644
 479.697847
 488.681968
 491.668206
 493.671933
 495.683333
 498.670278
 500.659005
 502.668125
 504.344861
 504.430926
 504.517002
 506.345961
 506.432037
 506.518102
 508.347049
 508.454711
 508.539884
 510.357593
 510.442442
 510.527303
 512.405185
 512.508090
 512.598762
 514.663148
 516.397778
 516.484398
 516.571019
 518.410590
 518.514329
 518.608692
 521.388426
 521.472118
 521.555810
 523.357870
 523.443785
 523.529699
 525.358576
 525.443519
 525.528461
 527.434225
 527.517789
 527.601366
 529.359780
 529.445602
 529.535359
 531.356354
 531.471632
 531.570752
 533.360718
 533.463553
 533.557859
 535.357130
 535.464815
 535.560035
 537.369861
 537.468310
 537.573183
 540.366181
 540.453287
 540.540382
 542.363773
 542.447292
 542.536863
 544.653438
 546.366991
 546.456574
 546.546169
 553.678715
 555.369375
 555.464259
 555.559155
 557.364884
 557.461308
 557.561007
 560.366065
 560.457396
 560.548727
 562.369178
 562.459838
 562.554375
 571.388449
 571.471956
 571.555463
 573.422581
 573.610150
 581.693345
 595.331979
 595.416157
 595.500324
 599.349051
 599.450428
 599.546181
 603.341690
 603.429595
 603.517512
 606.326354
 606.414144
 606.506192
 607.617130
 616.669641
 619.643715
 623.642616
 627.587014
 630.637766
 632.380914
 632.468819
 632.556725
 634.314039
 634.424340
 634.522176
 636.613021
 638.371956
 638.456331
 638.540694
 640.615104
 642.608993
 649.587731
 652.572315
 657.294572
 657.379086
 657.463600
 658.565035
 662.320185
 662.422975
 662.513299
 667.329630
 667.532234
 694.461574
 696.449329
 698.448345
 700.440521
 706.424352
 708.431921
 710.338403
 722.307338
 727.367431
 727.749560
 731.358032
 731.737882
 733.351979
 733.720694
 739.274120
 739.713171
 741.275208
 741.699155
 743.276308
 743.695266
 746.277986
 746.717199
 748.279120
 748.710764
 752.281389
 752.674769
 752.765787
 759.285394
 759.661794
 759.761470
 776.755775
 785.749329
 792.743495
 797.739329
 801.736273
 804.733380
 823.713576
 825.713183
 831.708125
 839.700903
 841.699931
 848.690602
 853.675637
 855.686597
 857.678021
 859.683854
 861.680278
 863.671678
 867.618727
 869.402581
 869.507697
 869.598218
 872.346389
 872.449641
 872.543125
 874.347465
 874.431030
 874.514606
 876.348507
 876.445602
 876.535845
 879.350000
 879.446042
 879.536887
 881.350949
 881.446991
 881.537836
 883.357037
 883.441701
 883.526366
 885.364074
 885.454572
 885.545069
 887.605208
 889.644942
 891.384317
 891.484792
 891.573796
 894.362662
 894.461146
 894.560440
 896.356308
 896.443472
 896.530625
 898.356736
 898.443900
 898.531065
 900.419387
 900.514572
 900.602894
 902.363426
 902.450961
 902.538507
 904.370486
 904.460475
 904.550463
 907.369213
 907.453854
 907.538495
 909.391169
 909.474687
 909.558206
 912.649317
 914.394410
 914.493924
 914.602801
 917.366250
 917.453322
 917.540394
 921.367512
 921.452500
 921.537488
 924.358970
 924.442662
 924.530301
 925.685231
 932.606736
 936.353484
 936.493773
 936.592465
 939.351620
 939.436979
 939.522338
 941.387373
 941.490949
 941.590660
 944.695463
 946.343252
 946.430521
 946.517789
 951.351435
 951.442083
 951.532743
 960.344063
 960.429850
 960.515637
 963.350150
 963.436968
 963.523796
 965.327801
 965.482859
 965.604144
 966.686053
 968.336968
 968.431898
 968.526829
 971.326586
 971.411308
 971.500278
 981.323507
 981.413206
 981.502894
 983.654931
 988.632697
 994.614167
 997.616887
 999.606898
 1001.618866
 1005.615324
 1008.603947
 1014.572836
 1017.300926
 1017.395868
 1017.487060
 1019.291076
 1019.394248
 1019.484954
 1020.557616
 1022.553056
 1025.331852
 1025.427188
 1025.522523
 1028.319699
 1028.422488
 1028.512813
 1032.317292
 1032.420081
 1032.510405
 1060.467176
 1063.411134
 1065.453287
 1068.433009
 1073.420880
 1086.393924
 1086.757998
 1088.379560
 1088.762870
 1091.331331
 1091.751262
