 1.760856
 6.339884
 8.723264
 10.714433
 11.767072
 13.745787
 16.722269
 23.659132
 24.757789
 31.644468
 36.630405
 38.620255
 39.759167
 42.658495
 44.756644
 48.590694
 51.585891
 54.749954
 56.572650
 57.747106
 60.612303
 61.743426
 62.742442
 64.546308
 69.551053
 72.544190
 74.571701
 76.515150
 82.520336
 83.724560
 86.524051
 87.718843
 89.477743
 89.719931
 91.482454
 92.676019
 94.467535
 97.687986
 98.711563
 99.709861
 104.437523
 105.640648
 107.429850
 108.625567
 110.434653
 111.578935
 113.422546
 113.697847
 117.454086
 117.693183
 120.468900
 120.690556
 123.452025
 124.668588
 125.688148
 127.465984
 128.678391
 129.686030
 131.451528
 132.664259
 133.674016
 134.675590
 137.429144
 138.616713
 139.667431
 141.677118
 142.674792
 143.663137
 145.419722
 146.608403
 147.641377
 149.441863
 150.631817
 151.642454
 154.404456
 155.612963
 156.599687
 157.627280
 160.434560
 161.546991
 162.586887
 162.675382
 163.663657
 165.439896
 166.575648
 167.616273
 169.426609
 170.539167
 171.585278
 173.450775
 174.531539
 175.567488
 175.677789
 176.650023
 178.467245
 179.551829
 181.666748
 183.469178
 186.499039
 186.679155
 187.680799
 188.678958
 189.680683
 191.490289
 197.534039
 201.668368
 211.433970
 214.484086
 216.488333
 223.580336
 230.502743
 233.563669
 235.414491
 238.524063
 241.708391
 250.460197
 254.385799
 258.486794
 261.381250
 265.435938
 267.366979
 269.310289
 270.490521
 272.352535
 273.476597
 275.383993
 280.370903
 285.367824
 293.378970
 295.387639
 297.352488
 299.381944
 303.381586
 307.284306
 310.341597
 315.361470
 318.300914
 321.275255
 324.301829
 327.341817
 329.326875
 335.292882
 338.317593
 346.281771
 349.294664
 354.298542
 357.337292
 361.321389
 363.731690
 367.313102
 368.752500
 375.694248
 379.766806
 384.709896
 385.764549
 392.648056
 397.762176
 399.692072
 401.689410
 416.635498
 423.563854
 425.742176
 426.744653
 428.549722
 430.569965
 432.544653
 434.735185
 438.526343
 440.517512
 440.731597
 443.524699
 444.721910
 446.529549
 446.724711
 450.495220
 452.697812
 454.486030
 455.695833
 457.716678
 460.714039
 462.459410
 463.683912
 465.449537
 466.674711
 468.457789
 469.664676
 470.679711
 472.456875
 472.698137
 474.447338
 475.634630
 477.475972
 480.653854
 482.414838
 483.642234
 486.430359
 486.690532
 489.474988
 490.679444
 494.494155
 495.665926
 497.454792
 497.683634
 498.654502
 500.427361
 501.659456
 502.677685
 503.671840
 504.666146
 505.661343
 506.679109
 508.398009
 509.646343
 510.676319
 511.675220
 512.676227
 513.678056
 514.672940
 515.639988
 516.636181
 517.674722
 519.462257
 520.590394
 521.643565
 523.459884
 524.568773
 525.606655
 526.605451
 527.599294
 529.426331
 529.675845
 531.470104
 532.551481
 533.566285
 533.675995
 534.672975
 535.676273
 537.467234
 538.537338
 540.547639
 547.459363
 549.547836
 550.537280
 553.654884
 557.679711
 558.679271
 571.427130
 573.509271
 579.420382
 581.448113
 582.635150
 594.419850
 599.589468
 603.405069
 608.347789
 609.541366
 618.380394
 623.339850
 627.312708
 629.506597
 634.387535
 636.401366
 637.476898
 641.363356
 646.349549
 648.324792
 650.308611
 652.314560
 655.318773
 658.304734
 662.329664
 664.372928
 668.356296
 670.367512
 672.355660
 674.352523
 678.352488
 685.277593
 687.345556
 689.338576
 694.353299
 698.316725
 701.304387
 708.326898
 715.333044
 719.281678
 721.763218
 733.358391
 736.738993
 738.766933
 739.767072
 741.714294
 745.767257
 748.712407
 750.703681
 751.765428
 752.765602
 757.652593
 758.764525
 760.656227
 762.655926
 765.649618
 768.654757
 772.660625
 776.614722
 777.754259
 780.752384
 782.615625
 783.747523
 786.619850
 787.746933
 789.563646
 790.744734
 792.552940
 793.743414
 794.738206
 797.543183
 801.533438
 801.736250
 806.517986
 810.524398
 812.724352
 814.509919
 817.484988
 819.716725
 821.477083
 822.701354
 823.713912
 825.476667
 826.694259
 828.706458
 831.446817
 836.664676
 839.458900
 840.671134
 842.433414
 844.642222
 846.441690
 848.688530
 851.461539
 852.637836
 854.690637
 856.402222
 858.595498
 859.681829
 861.431308
 861.686053
 862.679699
 863.674525
 866.673889
 867.668252
 868.676875
 870.446539
 871.632720
 872.648322
 874.672500
 876.436736
 876.674664
 878.429433
 878.676343
 880.440394
 880.675336
 881.677257
 883.459734
 884.590741
 885.610891
 886.671574
 888.446829
 889.574363
 890.607627
 892.445278
 892.675903
 893.676007
 895.446667
 895.676088
 897.468727
 897.675428
 898.673484
 900.452234
 901.578287
 901.674803
 902.674363
 903.671840
 906.492326
 907.565521
 908.563310
 908.675810
 911.490347
 912.576493
 913.636458
 915.490961
 916.564329
 916.675150
 918.474687
 918.680521
 921.681204
 924.508056
 933.686400
 938.648194
 944.484444
 946.611667
 960.416076
 962.576979
 964.643322
 968.400799
 971.541319
 980.432292
 983.343970
 990.339688
 993.400197
 997.322627
 998.481100
 1000.381493
 1001.487176
 1006.449838
 1009.449352
 1011.369294
 1013.357755
 1015.368183
 1016.438785
 1018.366424
 1024.341551
 1027.343785
 1030.359630
 1032.363403
 1033.403866
 1036.298981
 1038.320845
 1041.343530
 1043.357269
 1046.360995
 1052.277141
 1057.359398
 1060.369838
 1064.346169
 1067.314502
 1071.363634
 1076.340856
 1079.337095
 1081.762859
 1085.289965
 1088.293924
 1091.310752
 1093.731065
